5116n573-u056-j728-h389-c7370b82,12,10,2026
5116n573-u056-j728-h389-c7370b82,12,10,2026
7991e467-4298-4de2-baa5-0303f83eaebd,12,10,2026
160b9bb7-3343-420c-8729-57db97b8855d,12,10,2026
f0b12aaf-a9d9-46c8-9c58-0c8c4849d5d2,12,10,2026
1e114572-d4e3-4ac3-961a-0698324c2d0e,12,10,2026
cbe6fdde-f069-4e7c-a4f0-feb934162c39,12,10,2026
8407f8db-b94f-4222-a7ee-ddb042e32a35,12,10,2026
da68955e-c245-440f-b20d-a619563b3494,12,10,2026
d466768d-e862-4160-b5ad-cf4ee1498cac,12,10,2026
654659dd-ae7e-4d33-9e92-b0b7e8ce748c,7,22,2026
b8c9aef6-61c0-4e82-a525-b82d722fab43,12,10,2026
a2c6e413-976c-40a7-b8f7-6da65e6a46bc,12,10,2026
375fdcb8-3dc9-4ad3-8941-ea82637e674f,12,10,2026
